 Accuracy :0.49536014140521434
 AP:       0.49770194700042725
 F1-score :0.4913140311804009
 Log-Loss :17.429841810315406
 Precision:0.4952851369555456
 Recall   :0.48740609809986746
 AUC      :0.49536014140521434
