 Accuracy :0.5332203889216264
 AP:       0.5176982406048694
 F1-score :0.5365318510933957
 Log-Loss :16.122186087174565
 Precision:0.5327523602033406
 Recall   :0.5403653506187389
 AUC      :0.5332203889216264
