 Accuracy :0.49911621741051704
 AP:       0.499558883953144
 F1-score :0.5009905348888399
 Log-Loss :17.30011472106226
 Precision:0.49912280701754386
 Recall   :0.5028722934158197
 AUC      :0.499116217410517
