 Accuracy :0.4849756959787892
 AP:       0.4927134779967803
 F1-score :0.4850894632206759
 Log-Loss :17.788515268921874
 Precision:0.48498233215547704
 Recall   :0.48519664162615994
 AUC      :0.4849756959787892
