 Accuracy :0.5059681697612732
 AP:       0.5030200698256018
 F1-score :0.503443679182404
 Log-Loss :17.06345039729955
 Precision:0.506029477445288
 Recall   :0.5008841732979664
 AUC      :0.5059681697612731
