 Accuracy :0.5299057159693576
 AP:       0.5158551856216853
 F1-score :0.527818881325836
 Log-Loss :16.236667536814732
 Precision:0.5301724137931034
 Recall   :0.5254861520329994
 AUC      :0.5299057159693578
