 Accuracy :0.5319681791396582
 AP:       0.517001258906091
 F1-score :0.5330687830687831
 Log-Loss :16.165434467284697
 Precision:0.5318181818181819
 Recall   :0.534325279905716
 AUC      :0.5319681791396582
