 Accuracy :0.5015466195315952
 AP:       0.5007756850042182
 F1-score :0.5033025099075297
 Log-Loss :17.21617054564719
 Precision:0.5015357612988153
 Recall   :0.5050817498895271
 AUC      :0.5015466195315952
