 Accuracy :0.5335100898512299
 AP:       0.5179068118754797
 F1-score :0.5275954653937948
 Log-Loss :16.112172193595825
 Precision:0.5343707508687113
 Recall   :0.5209898365002209
 AUC      :0.5335100898512298
