 Accuracy :0.624834290764472
 AP:       0.5773623440575983
 F1-score :0.6326795500432651
 Log-Loss :12.957923072025123
 Precision:0.6197202994773273
 Recall   :0.6461923700103108
 AUC      :0.624834290764472
