 Accuracy :0.524675898644667
 AP:       0.5128075792533621
 F1-score :0.5860542690358587
 Log-Loss :16.417362166490914
 Precision:0.5190319281899785
 Recall   :0.6729522687094873
 AUC      :0.5246758986446671
