 Accuracy :0.49977905435262926
 AP:       0.49989042532935274
 F1-score :0.05113160100586756
 Log-Loss :17.277030343154763
 Precision:0.4959349593495935
 Recall   :0.02695536897923111
 AUC      :0.4997790543526292
