 Accuracy :0.5004418912947415
 AP:       0.5002211294623852
 F1-score :0.5155346046710949
 Log-Loss :17.2543379905892
 Precision:0.5004159733777038
 Recall   :0.5315952275740168
 AUC      :0.5004418912947415
