 Accuracy :0.5103859752504419
 AP:       0.5071772999698176
 F1-score :0.07125890736342042
 Log-Loss :16.910676034993987
 Precision:0.6910569105691057
 Recall   :0.03756629345904537
 AUC      :0.5103859752504419
