 Accuracy :0.4882898806893504
 AP:       0.49425002607502816
 F1-score :0.5559815950920246
 Log-Loss :17.674106921244082
 Precision:0.4910260751777853
 Recall   :0.6407423773751657
 AUC      :0.4882898806893504
