 Accuracy :0.5176782557454331
 AP:       0.5090604749813823
 F1-score :0.6000488639139996
 Log-Loss :16.659078046042207
 Precision:0.5125208681135225
 Recall   :0.723629935179729
 AUC      :0.5176782557454331
