 Accuracy :0.5150309460654289
 AP:       0.5077368994478897
 F1-score :0.5199124726477024
 Log-Loss :16.750435667452663
 Precision:0.5147313691507799
 Recall   :0.5251989389920424
 AUC      :0.5150309460654288
