 Accuracy :0.5022094564737075
 AP:       0.5011082353106215
 F1-score :0.5837797893958987
 Log-Loss :17.193353642443476
 Precision:0.5015873015873016
 Recall   :0.6981882456915599
 AUC      :0.5022094564737075
