 Accuracy :0.5022094564737075
 AP:       0.501107404419598
 F1-score :0.647473008918792
 Log-Loss :17.193440032886112
 Precision:0.5012112403100775
 Recall   :0.9142730888201502
 AUC      :0.5022094564737074
