 Accuracy :0.49874779021803184
 AP:       0.4993747554908078
 F1-score :0.6448144475181377
 Log-Loss :17.313002804496893
 Precision:0.4993129092231833
 Recall   :0.9099882144961697
 AUC      :0.49874779021803184
