 Accuracy :0.49815851502651737
 AP:       0.4990811206101562
 F1-score :0.6440996708979784
 Log-Loss :17.333355412980215
 Precision:0.4989882638607851
 Recall   :0.9082203889216264
 AUC      :0.4981585150265174
