 Accuracy :0.5041979673000442
 AP:       0.5022553785102198
 F1-score :0.10881652104845117
 Log-Loss :17.124416390339444
 Precision:0.5372549019607843
 Recall   :0.06053910737958462
 AUC      :0.5041979673000442
