 Accuracy :0.49977905435262926
 AP:       0.49988955267200436
 F1-score :0.6567616737416616
 Log-Loss :17.27740222839351
 Precision:0.49988460650819294
 Recall   :0.9571365444100751
 AUC      :0.49977905435262926
