 Accuracy :0.5000736485491236
 AP:       0.5000368271395952
 F1-score :0.6544140107931983
 Log-Loss :17.267222888624254
 Precision:0.5000389014237921
 Recall   :0.9466784504345265
 AUC      :0.5000736485491236
