 Accuracy :0.4991158267020336
 AP:       0.49955832670926736
 F1-score :0.6535168195718655
 Log-Loss :17.300304873776668
 Precision:0.4995324918186068
 Recall   :0.9447391688771
 AUC      :0.49911582670203364
