 Accuracy :0.49904242781378905
 AP:       0.49952994352710545
 F1-score :0.09332089054792696
 Log-Loss :17.30248294900226
 Precision:0.4908835904628331
 Recall   :0.05156157925751326
 AUC      :0.49904242781378905
