 Accuracy :0.5044189129474149
 AP:       0.5022201198736771
 F1-score :0.6499141563914469
 Log-Loss :17.117128639789158
 Precision:0.5024131274131274
 Recall   :0.9200176756517897
 AUC      :0.504418912947415
