 Accuracy :0.5121520106053911
 AP:       0.5062355185683988
 F1-score :0.4933455713630106
 Log-Loss :16.849852821330444
 Precision:0.513126491646778
 Recall   :0.4750331418471056
 AUC      :0.512152010605391
