 Accuracy :0.9535209192692987
 AP:       0.9398827539363647
 F1-score :0.9526951045805533
 Log-Loss :1.6053421792783145
 Precision:0.9699282552282095
 Recall   :0.9360636417206836
 AUC      :0.9535209192692988
