 Accuracy :0.9536682380671774
 AP:       0.9393164519807936
 F1-score :0.9529297313477512
 Log-Loss :1.6002546161361455
 Precision:0.9683650190114068
 Recall   :0.9379787860931055
 AUC      :0.9536682380671774
