 Accuracy :0.5106100795755968
 AP:       0.5054204712972337
 F1-score :0.5044762757385854
 Log-Loss :16.90311974004408
 Precision:0.5108794197642792
 Recall   :0.4982316534040672
 AUC      :0.5106100795755968
