 Accuracy :0.5095006628369421
 AP:       0.5048400390385828
 F1-score :0.5110132158590308
 Log-Loss :16.941444265804517
 Precision:0.5094422485726834
 Recall   :0.5125939019001325
 AUC      :0.5095006628369422
