 Accuracy :0.9531595227574017
 AP:       0.9363202866928495
 F1-score :0.9526644834772253
 Log-Loss :1.617827315343089
 Precision:0.9628403791183993
 Recall   :0.942701428781853
 AUC      :0.9531595227574017
