 Accuracy :0.9478491455509723
 AP:       0.9225620694890777
 F1-score :0.9481014514000881
 Log-Loss :1.8012494940926829
 Precision:0.9435366209512693
 Recall   :0.9527106658809664
 AUC      :0.9478491455509724
