 Accuracy :0.5148033583738401
 AP:       0.5076330895954705
 F1-score :0.5015887426236949
 Log-Loss :16.758281693627133
 Precision:0.515632291180588
 Recall   :0.4882898806893504
 AUC      :0.51480335837384
