 Accuracy :0.5163499779054352
 AP:       0.5084566226503437
 F1-score :0.5037406483790524
 Log-Loss :16.704863170789793
 Precision:0.5172253258845437
 Recall   :0.49094122845779936
 AUC      :0.5163499779054352
