 Accuracy :0.5028722934158197
 AP:       0.5014441975518955
 F1-score :0.5089480576167612
 Log-Loss :17.170386395136113
 Precision:0.5028029322984044
 Recall   :0.5152452496685815
 AUC      :0.5028722934158197
