 Accuracy :0.5281378903948144
 AP:       0.5148476089275447
 F1-score :0.5320672023374725
 Log-Loss :16.297731899927832
 Precision:0.5276731382208055
 Recall   :0.5365350618738951
 AUC      :0.5281378903948144
