 Accuracy :0.6184268669907202
 AP:       0.5754895362407515
 F1-score :0.5900783289817232
 Log-Loss :13.179194023286323
 Precision:0.6374358974358975
 Recall   :0.5492708793636766
 AUC      :0.6184268669907202
