 Accuracy :0.5024304021210783
 AP:       0.5012212523107273
 F1-score :0.4964221824686941
 Log-Loss :17.185639239707168
 Precision:0.5024898143956541
 Recall   :0.4904993371630579
 AUC      :0.5024304021210783
