 Accuracy :0.5363087347179261
 AP:       0.5195189203560615
 F1-score :0.5283188492658075
 Log-Loss :16.015507538765906
 Precision:0.5375819484677542
 Recall   :0.5193695684195021
 AUC      :0.5363087347179261
