 Accuracy :0.6220536240424278
 AP:       0.5786776110296188
 F1-score :0.590077494607334
 Log-Loss :13.053925284520815
 Precision:0.644615116076104
 Recall   :0.5440483205657042
 AUC      :0.6220536240424279
