 Accuracy :0.5305686505598114
 AP:       0.5162048005362054
 F1-score :0.5341033701293953
 Log-Loss :16.213775122366293
 Precision:0.5301117399506603
 Recall   :0.5381555686505598
 AUC      :0.5305686505598114
