 Accuracy :0.6230848556275781
 AP:       0.5797857126952581
 F1-score :0.5881690140845071
 Log-Loss :13.018304685803038
 Precision:0.6482171367748802
 Recall   :0.5383028874484385
 AUC      :0.6230848556275782
