 Accuracy :0.6089262041537782
 AP:       0.5687527823982867
 F1-score :0.5726702076291645
 Log-Loss :13.5073328192689
 Precision:0.6311868014901544
 Recall   :0.5240830755634114
 AUC      :0.6089262041537782
