 Accuracy :0.6159964648696421
 AP:       0.5742377375165709
 F1-score :0.5799903334944417
 Log-Loss :13.263131485333663
 Precision:0.64
 Recall   :0.5302695536897923
 AUC      :0.6159964648696421
