 Accuracy :0.4958001768346596
 AP:       0.4979182653285237
 F1-score :0.4882207763069329
 Log-Loss :17.414640608122564
 Precision:0.49567198177676536
 Recall   :0.48099027409372236
 AUC      :0.4958001768346596
