 Accuracy :0.5315262227460223
 AP:       0.5167661758493194
 F1-score :0.5293769424300726
 Log-Loss :16.18069650883468
 Precision:0.531816830211121
 Recall   :0.5269593400117855
 AUC      :0.5315262227460225
