 Accuracy :0.617764030048608
 AP:       0.5753048899630555
 F1-score :0.5855294681360805
 Log-Loss :13.202084420199931
 Precision:0.6394557823129252
 Recall   :0.5399911621741051
 AUC      :0.617764030048608
