 Accuracy :0.617816091954023
 AP:       0.5753038624290987
 F1-score :0.5860665549437395
 Log-Loss :13.200286672993995
 Precision:0.6391644908616188
 Recall   :0.5411140583554377
 AUC      :0.617816091954023
