 Accuracy :0.6239687684148497
 AP:       0.580054662853033
 F1-score :0.5935833134304593
 Log-Loss :12.987779071358558
 Precision:0.645764767018881
 Recall   :0.5492044784914555
 AUC      :0.6239687684148496
