 Accuracy :0.5
 AP:       0.5
 F1-score :0.4913463699707799
 Log-Loss :17.269581295111372
 Precision:0.5
 Recall   :0.4829871851524525
 AUC      :0.49999999999999994
