 Accuracy :0.5072912063632347
 AP:       0.5036971256248693
 F1-score :0.5150065245759027
 Log-Loss :17.01776219560163
 Precision:0.507066381156317
 Recall   :0.5231992929739284
 AUC      :0.5072912063632347
