 Accuracy :0.6213728089556636
 AP:       0.5780675644673117
 F1-score :0.5901299529618114
 Log-Loss :13.0774407880218
 Precision:0.643204727146333
 Recall   :0.5451465606127559
 AUC      :0.6213728089556636
