 Accuracy :0.5022094564737075
 AP:       0.501107223106404
 F1-score :0.6632790315348976
 Log-Loss :17.193466533021887
 Precision:0.5011291779584462
 Recall   :0.9805567830313743
 AUC      :0.5022094564737074
