 Accuracy :0.498894783377542
 AP:       0.499448900722936
 F1-score :0.44612753481553874
 Log-Loss :17.307723279775296
 Precision:0.4986346258874932
 Recall   :0.4036251105216622
 AUC      :0.498894783377542
