 Accuracy :0.5049351797289334
 AP:       0.5024800967500798
 F1-score :0.6640675763482782
 Log-Loss :17.0993204406965
 Precision:0.5025342310310916
 Recall   :0.9786387743076016
 AUC      :0.5049351797289333
