 Accuracy :0.525633470830878
 AP:       0.5146829378943397
 F1-score :0.29832207452604054
 Log-Loss :16.384099614923468
 Precision:0.5728033472803348
 Recall   :0.20167943429581614
 AUC      :0.5256334708308781
