 Accuracy :0.5048608042421564
 AP:       0.5024998421816804
 F1-score :0.2611275964391691
 Log-Loss :17.10156804030794
 Precision:0.5142857142857142
 Recall   :0.17498895271763146
 AUC      :0.5048608042421564
