 Accuracy :0.5053026955368979
 AP:       0.5026851228992573
 F1-score :0.4600916325054256
 Log-Loss :17.08640388285795
 Precision:0.5063694267515924
 Recall   :0.4215642951833849
 AUC      :0.505302695536898
