 Accuracy :0.49027839151568714
 AP:       0.49530707282743136
 F1-score :0.34775233248515686
 Log-Loss :17.605277083023736
 Precision:0.4827315541601256
 Recall   :0.27176314626601855
 AUC      :0.4902783915156872
