 Accuracy :0.518338488731772
 AP:       0.5095829319627524
 F1-score :0.4686382840428989
 Log-Loss :16.636154408745355
 Precision:0.5225584344990034
 Recall   :0.4248048313448225
 AUC      :0.518338488731772
