 Accuracy :0.5321891573364761
 AP:       0.5179190484161031
 F1-score :0.4032697547683924
 Log-Loss :16.15771474632336
 Precision:0.5566796368352789
 Recall   :0.3161461402474956
 AUC      :0.5321891573364762
