 Accuracy :0.5123784261715296
 AP:       0.5064723796975319
 F1-score :0.36718301778542745
 Log-Loss :16.84195572326972
 Precision:0.5228758169934641
 Recall   :0.28293545534924847
 AUC      :0.5123784261715296
