 Accuracy :0.5166470241602829
 AP:       0.5087992616325219
 F1-score :0.3891267920312791
 Log-Loss :16.69453013796507
 Precision:0.5285786545270612
 Recall   :0.30789628756629345
 AUC      :0.5166470241602829
