 Accuracy :0.5214348850913376
 AP:       0.5113478803424729
 F1-score :0.44635705155517685
 Log-Loss :16.52919060846731
 Precision:0.5294117647058824
 Recall   :0.3858279316440778
 AUC      :0.5214348850913377
