 Accuracy :0.5154661953159523
 AP:       0.5081675413466265
 F1-score :0.37503562268452556
 Log-Loss :16.7353086162899
 Precision:0.5280898876404494
 Recall   :0.2907644719399028
 AUC      :0.5154661953159523
