 Accuracy :0.5099425541316837
 AP:       0.5051464591080993
 F1-score :0.3734463276836158
 Log-Loss :16.92609337073109
 Precision:0.5176194205168363
 Recall   :0.2920901458241273
 AUC      :0.5099425541316837
