 Accuracy :0.5081749889527176
 AP:       0.5042177591582067
 F1-score :0.34988317757009346
 Log-Loss :16.987133369161942
 Precision:0.5159345391903531
 Recall   :0.2646928855501547
 AUC      :0.5081749889527176
