 Accuracy :0.5173836181496759
 AP:       0.5093085459785246
 F1-score :0.352185089974293
 Log-Loss :16.6690702944523
 Precision:0.5354780517137703
 Recall   :0.2623747790218032
 AUC      :0.5173836181496759
