 Accuracy :0.4887317719840919
 AP:       0.49460160364127126
 F1-score :0.3354394026421597
 Log-Loss :17.658691189171783
 Precision:0.47908121410992616
 Recall   :0.25806451612903225
 AUC      :0.4887317719840919
