 Accuracy :0.5055236411842686
 AP:       0.5028030910731883
 F1-score :0.43140243902439024
 Log-Loss :17.07875396378537
 Precision:0.5074716078900179
 Recall   :0.37516570923552806
 AUC      :0.5055236411842687
