			 Accuracy :0.5044189129474149
			 AP:       0.5022291135597725
			 F1-score :0.5027710042119264
			 Log-Loss :17.11696115893104
			 Precision:0.5044483985765125
			 Recall   :0.5011047282368537
			 AUC      :0.5044189129474149
