			 Accuracy :0.8881113730111962
			 AP:       0.8417914778938365
			 F1-score :0.8891968779633819
			 Log-Loss :3.8645449183372627
			 Precision:0.8806530848143332
			 Recall   :0.8979080730701238
			 AUC      :0.8881113730111964
