 Accuracy :0.5002209456473707
 AP:       0.5001105222080501
 F1-score :0.49733333333333335
 Log-Loss :17.261954519490704
 Precision:0.5002235136343317
 Recall   :0.4944763588157313
 AUC      :0.5002209456473707
