			 Accuracy :0.5081786030061892
			 AP:       0.5041575487541612
			 F1-score :0.5032373297611075
			 Log-Loss :16.987101909786734
			 Precision:0.5083446098331078
			 Recall   :0.4982316534040672
			 AUC      :0.5081786030061892
