			 Accuracy :0.5066283694211224
			 AP:       0.5033587302039827
			 F1-score :0.5032258064516127
			 Log-Loss :17.04064693915294
			 Precision:0.5067204301075269
			 Recall   :0.49977905435262926
			 AUC      :0.5066283694211224
