			 Accuracy :0.8901001767825575
			 AP:       0.8454118450317754
			 F1-score :0.890759994142627
			 Log-Loss :3.795851772568084
			 Precision:0.8854439592430858
			 Recall   :0.8961402474955804
			 AUC      :0.8901001767825574
