			 Accuracy :0.5214317277949624
			 AP:       0.5111796920090634
			 F1-score :0.5190941385435168
			 Log-Loss :16.529351931025566
			 Precision:0.5216421240517626
			 Recall   :0.516570923552806
			 AUC      :0.5214317277949624
