			 Accuracy :0.8883487995286493
			 AP:       0.8437990687629048
			 F1-score :0.8887910798122065
			 Log-Loss :3.8563420753179636
			 Precision:0.8852842320619612
			 Recall   :0.8923258211813228
			 AUC      :0.8883487995286493
