			 Accuracy :0.8859752504419564
			 AP:       0.8395888366094859
			 F1-score :0.886891714160456
			 Log-Loss :3.9383241548019576
			 Precision:0.8798202377500725
			 Recall   :0.89407778432528
			 AUC      :0.8859752504419564
