 Accuracy :0.5489835002946376
 AP:       0.5272508580327951
 F1-score :0.5175321093688441
 Log-Loss :15.577712287250131
 Precision:0.5563272912078604
 Recall   :0.48379493223335296
 AUC      :0.5489835002946376
