 Accuracy :0.5033141847105612
 AP:       0.5016696018597241
 F1-score :0.4710588235294117
 Log-Loss :17.15509450703168
 Precision:0.5037745344740815
 Recall   :0.44233318603623506
 AUC      :0.5033141847105611
