 Accuracy :0.5041979673000442
 AP:       0.5021188941289789
 F1-score :0.4739803094233474
 Log-Loss :17.124570797797244
 Precision:0.5047428856714927
 Recall   :0.44675209898365004
 AUC      :0.5041979673000442
