 Accuracy :0.5055236411842686
 AP:       0.5027938009139515
 F1-score :0.4938941655359566
 Log-Loss :17.078796894005333
 Precision:0.5057897174617879
 Recall   :0.482545293857711
 AUC      :0.5055236411842687
