 Accuracy :0.5019885108263368
 AP:       0.5009989477564922
 F1-score :0.45947242206235017
 Log-Loss :17.20087512419132
 Precision:0.5023597273203986
 Recall   :0.4233318603623509
 AUC      :0.5019885108263367
