 Accuracy :0.5026525198938993
 AP:       0.5013342736022182
 F1-score :0.4703389830508475
 Log-Loss :17.177947853937365
 Precision:0.5030211480362538
 Recall   :0.4416445623342175
 AUC      :0.5026525198938993
