 Accuracy :0.5423479157460598
 AP:       0.5232477146056125
 F1-score :0.5091627172195893
 Log-Loss :15.806898943288418
 Precision:0.5489695111565321
 Recall   :0.4747385476506113
 AUC      :0.5423479157460599
