 Accuracy :0.5415439010017679
 AP:       0.5226303547017879
 F1-score :0.5245951726245035
 Log-Loss :15.834681727058689
 Precision:0.5447335025380711
 Recall   :0.5058927519151444
 AUC      :0.5415439010017679
