 Accuracy :0.5443429581614614
 AP:       0.5243221768581396
 F1-score :0.5239341234415884
 Log-Loss :15.738001712648565
 Precision:0.5485014502094747
 Recall   :0.501473187978786
 AUC      :0.5443429581614614
