 Accuracy :0.5013262599469496
 AP:       0.5006640236796385
 F1-score :0.6639857015192135
 Log-Loss :17.223973707339926
 Precision:0.5006738544474394
 Recall   :0.9854111405835544
 AUC      :0.5013262599469497
