 Accuracy :0.5041979673000442
 AP:       0.502107930189172
 F1-score :0.6661045531197303
 Log-Loss :17.124787627797094
 Precision:0.5021311597995962
 Recall   :0.9891000147297099
 AUC      :0.5041979673000443
