 Accuracy :0.5204773129051267
 AP:       0.511056102315232
 F1-score :0.36611489776046735
 Log-Loss :16.562221220238047
 Precision:0.539919586444572
 Recall   :0.2769593400117855
 AUC      :0.5204773129051267
