 Accuracy :0.5155421331761932
 AP:       0.5079173242859013
 F1-score :0.6345908106005889
 Log-Loss :16.732905873246438
 Precision:0.5094104004995094
 Recall   :0.8413376546847378
 AUC      :0.5155421331761932
