 Accuracy :0.5033141847105612
 AP:       0.5016626543121678
 F1-score :0.6660724896019014
 Log-Loss :17.155313751488347
 Precision:0.5016782277914522
 Recall   :0.9907202828104287
 AUC      :0.5033141847105612
