 Accuracy :0.5011047282368537
 AP:       0.5005529959693975
 F1-score :0.6596321977690686
 Log-Loss :17.231617901214857
 Precision:0.500571951498513
 Recall   :0.966858152894388
 AUC      :0.5011047282368537
