 Accuracy :0.5119310649580203
 AP:       0.506051804239553
 F1-score :0.6316491579122895
 Log-Loss :16.85762888104933
 Precision:0.5072308516336369
 Recall   :0.8369421122403888
 AUC      :0.5119310649580203
