 Accuracy :0.5068503241013553
 AP:       0.5034494688092213
 F1-score :0.6634494545820138
 Log-Loss :17.03316957460282
 Precision:0.5035482640213659
 Recall   :0.9721567472009428
 AUC      :0.5068503241013553
