 Accuracy :0.5030932390631905
 AP:       0.5015655466936951
 F1-score :0.3398884649251542
 Log-Loss :17.162651322293897
 Precision:0.5061188811188811
 Recall   :0.2558550596553248
 AUC      :0.5030932390631905
