 Accuracy :0.5238621299160406
 AP:       0.5125265155196961
 F1-score :0.5132143663880733
 Log-Loss :16.445401042242764
 Precision:0.5249537892791127
 Recall   :0.5019885108263368
 AUC      :0.5238621299160406
