 Accuracy :0.5293857711003094
 AP:       0.515580733700164
 F1-score :0.5228494623655914
 Log-Loss :16.254622294499022
 Precision:0.530213539300318
 Recall   :0.515687140963323
 AUC      :0.5293857711003094
