 Accuracy :0.49889527176314624
 AP:       0.4994489021908772
 F1-score :0.4896489648964896
 Log-Loss :17.307737256661206
 Precision:0.4988537368179734
 Recall   :0.480777728678745
 AUC      :0.4988952717631463
