 Accuracy :0.5167992926613616
 AP:       0.5086879810737395
 F1-score :0.5116175156389634
 Log-Loss :16.689350125757652
 Precision:0.517163504968383
 Recall   :0.5061892130857648
 AUC      :0.5167992926613616
