 Accuracy :0.5227574016791869
 AP:       0.5119068694680198
 F1-score :0.5180722891566265
 Log-Loss :16.48356230381976
 Precision:0.523208652546192
 Recall   :0.513035793194874
 AUC      :0.5227574016791869
