			 Accuracy :0.4711255156157926
			 AP:       0.48612254009665046
			 F1-score :0.5750976446916795
			 Log-Loss :18.26698682981472
			 Precision:0.48061325420375867
			 Recall   :0.7158220388921627
			 AUC      :0.4711255156157925
