			 Accuracy :0.5372716558632882
			 AP:       0.5200076244014451
			 F1-score :0.5401844532279315
			 Log-Loss :15.982258340530839
			 Precision:0.5368053535059645
			 Recall   :0.5436063641720683
			 AUC      :0.5372716558632881
