			 Accuracy :0.4720871998821623
			 AP:       0.4864964272351767
			 F1-score :0.6119112073632919
			 Log-Loss :18.233817261100594
			 Precision:0.4837770738806609
			 Recall   :0.8323759021947268
			 AUC      :0.47208719988216236
