			 Accuracy :0.5383708940933863
			 AP:       0.5206547426385391
			 F1-score :0.5388463802236609
			 Log-Loss :15.944289437238798
			 Precision:0.5382919300308687
			 Recall   :0.5394019737811165
			 AUC      :0.5383708940933863
