 Accuracy :0.4730446310207689
 AP:       0.48694156015794515
 F1-score :0.6143896523848019
 Log-Loss :18.200750881101598
 Precision:0.4844467108618052
 Recall   :0.8395934600088378
 AUC      :0.4730446310207689
