			 Accuracy :0.47613787008395936
			 AP:       0.4884485917937375
			 F1-score :0.5808732543751105
			 Log-Loss :18.093866311850086
			 Precision:0.48408956982911017
			 Recall   :0.726027397260274
			 AUC      :0.47613787008395936
