			 Accuracy :0.465974370304905
			 AP:       0.48385357850117017
			 F1-score :0.5428409305844524
			 Log-Loss :18.44487253796193
			 Precision:0.47453703703703703
			 Recall   :0.6341140079540433
			 AUC      :0.46597437030490496
