			 Accuracy :0.4627283441367118
			 AP:       0.48241052459092715
			 F1-score :0.5383544303797468
			 Log-Loss :18.55698588013029
			 Precision:0.47192632046160676
			 Recall   :0.6265468473777254
			 AUC      :0.4627283441367118
