			 Accuracy :0.5380819092516205
			 AP:       0.5204952571138504
			 F1-score :0.5374345356642325
			 Log-Loss :15.954269763851773
			 Precision:0.5381888018909735
			 Recall   :0.5366823806717738
			 AUC      :0.5380819092516205
