			 Accuracy :0.4697259870359458
			 AP:       0.48538733482973967
			 F1-score :0.6140567200986435
			 Log-Loss :18.31537707689957
			 Precision:0.48268015170670037
			 Recall   :0.8436947554507955
			 AUC      :0.4697259870359458
