			 Accuracy :0.4677276746242264
			 AP:       0.48447639054987485
			 F1-score :0.6057629338572365
			 Log-Loss :18.384387611718743
			 Precision:0.48101924076963076
			 Recall   :0.8178603006189213
			 AUC      :0.4677276746242264
