			 Accuracy :0.46663720724701724
			 AP:       0.4839567822028981
			 F1-score :0.6112721417069243
			 Log-Loss :18.42206022811508
			 Precision:0.48087154801114773
			 Recall   :0.8387096774193549
			 AUC      :0.4666372072470173
