			 Accuracy :0.500883782589483
			 AP:       0.500442667223266
			 F1-score :0.5025324818321956
			 Log-Loss :17.239064299244667
			 Precision:0.5008779631255488
			 Recall   :0.5041979673000442
			 AUC      :0.500883782589483
