			 Accuracy :0.490053050397878
			 AP:       0.4951272934862185
			 F1-score :0.4853892482712469
			 Log-Loss :17.613143918423376
			 Precision:0.48986942818550205
			 Recall   :0.48099027409372236
			 AUC      :0.490053050397878
