			 Accuracy :0.5292427813789039
			 AP:       0.5154733930531261
			 F1-score :0.5301080802882141
			 Log-Loss :16.259567254598572
			 Precision:0.5291354762953178
			 Recall   :0.5310842663523866
			 AUC      :0.529242781378904
