			 Accuracy :0.5187803800265135
			 AP:       0.5097388864532423
			 F1-score :0.5215289982425307
			 Log-Loss :16.62093153877232
			 Precision:0.5185670598514636
			 Recall   :0.5245249668581529
			 AUC      :0.5187803800265135
