 Accuracy :0.5081749889527176
 AP:       0.5041535081366055
 F1-score :0.5111989459815547
 Log-Loss :16.987233186340035
 Precision:0.5080750763858577
 Recall   :0.5143614670790986
 AUC      :0.5081749889527176
