			 Accuracy :0.5019885108263368
			 AP:       0.5009981991323038
			 F1-score :0.5026478375992939
			 Log-Loss :17.200907101021826
			 Precision:0.501983252534156
			 Recall   :0.5033141847105612
			 AUC      :0.5019885108263367
