 Accuracy :0.4887317719840919
 AP:       0.494491636457869
 F1-score :0.49120492524186454
 Log-Loss :17.65878535298758
 Precision:0.4888402625820569
 Recall   :0.49359257622624836
 AUC      :0.4887317719840919
