 Accuracy :0.5019885108263368
 AP:       0.500998151059106
 F1-score :0.5057017543859649
 Log-Loss :17.200909574367834
 Precision:0.5019590770570309
 Recall   :0.5095006628369421
 AUC      :0.5019885108263367
