 Accuracy :0.5357248084855628
 AP:       0.5190668065864139
 F1-score :0.5491738788355625
 Log-Loss :16.035694568864386
 Precision:0.5337133324065063
 Recall   :0.5655568650559811
 AUC      :0.5357248084855627
