 Accuracy :0.5077330976579761
 AP:       0.503923964700441
 F1-score :0.5177489177489176
 Log-Loss :17.002501577657412
 Precision:0.5074246924056003
 Recall   :0.5285019885108263
 AUC      :0.5077330976579761
