 Accuracy :0.533146729522687
 AP:       0.5176321401932863
 F1-score :0.5417871602082129
 Log-Loss :16.124734904513204
 Precision:0.5319420783645656
 Recall   :0.5520035356511491
 AUC      :0.5331467295226872
