 Accuracy :0.5338046840477243
 AP:       0.5180498312989623
 F1-score :0.5328413284132841
 Log-Loss :16.10200133387002
 Precision:0.5339446827392398
 Recall   :0.5317425246722639
 AUC      :0.5338046840477242
