 Accuracy :0.5103890362511052
 AP:       0.5053037540771861
 F1-score :0.5074494107182566
 Log-Loss :16.910756957187402
 Precision:0.5105145413870246
 Recall   :0.504420866489832
 AUC      :0.5103890362511052
