 Accuracy :0.5041979673000442
 AP:       0.502115593683071
 F1-score :0.5188679245283019
 Log-Loss :17.124605954644043
 Precision:0.5039566847147022
 Recall   :0.5346884666372073
 AUC      :0.5041979673000442
