 Accuracy :0.536756040070713
 AP:       0.5196473116613278
 F1-score :0.5512024548633413
 Log-Loss :16.000077621814306
 Precision:0.5345328719723184
 Recall   :0.5689451974071892
 AUC      :0.536756040070713
