			 Accuracy :0.5079540433053469
			 AP:       0.5040386278400643
			 F1-score :0.5144974929147591
			 Log-Loss :16.994867381998723
			 Precision:0.5077452667814114
			 Recall   :0.5214317277949624
			 AUC      :0.5079540433053469
