			 Accuracy :0.8893062306672559
			 AP:       0.8391260678264049
			 F1-score :0.891956006038387
			 Log-Loss :3.823281407570458
			 Precision:0.8711036225779275
			 Recall   :0.9138311975254088
			 AUC      :0.8893062306672559
