			 Accuracy :0.5070733863837312
			 AP:       0.5035854751669258
			 F1-score :0.5133129637712789
			 Log-Loss :17.025284283844154
			 Precision:0.506896551724138
			 Recall   :0.519893899204244
			 AUC      :0.5070733863837312
