			 Accuracy :0.891426045963465
			 AP:       0.8412516465648456
			 F1-score :0.8942155877709201
			 Log-Loss :3.7500654712245445
			 Precision:0.8718164007836552
			 Recall   :0.917796110783736
			 AUC      :0.891426045963465
