			 Accuracy :0.8923099587507366
			 AP:       0.845828535271244
			 F1-score :0.8938117373619988
			 Log-Loss :3.7195309632022826
			 Precision:0.8815186246418338
			 Recall   :0.9064525633470831
			 AUC      :0.8923099587507365
