 Accuracy :0.5083959346000884
 AP:       0.5042664908212648
 F1-score :0.5153561315617513
 Log-Loss :16.979605174046362
 Precision:0.5081615120274914
 Recall   :0.5227574016791869
 AUC      :0.5083959346000884
