			 Accuracy :0.5282810428634556
			 AP:       0.5149456756769508
			 F1-score :0.5267124806029705
			 Log-Loss :16.292782849405725
			 Precision:0.5284697508896797
			 Recall   :0.5249668581528943
			 AUC      :0.5282810428634556
