			 Accuracy :0.5108263367211666
			 AP:       0.5055290465823694
			 F1-score :0.5136203866432336
			 Log-Loss :16.89565764194743
			 Precision:0.5107033639143731
			 Recall   :0.516570923552806
			 AUC      :0.5108263367211666
