			 Accuracy :0.8952563347083088
			 AP:       0.8502580962577801
			 F1-score :0.896476412347117
			 Log-Loss :3.6177646225051774
			 Precision:0.8861542890040299
			 Recall   :0.9070418385385975
			 AUC      :0.8952563347083088
